structure(list(effectiveSize = structure(c(2614.40680629593, 
7159.6602413065, 4648.94772336067, 15664.3895255002, 5404.12629071468, 
17774.7256367127, 2261.67510574072, 1146.4370255414), .Names = c("d.ASPAC.AtPA", 
"d.ASPAC.SK", "d.ASPAC.tPA", "d.AtPA.Ret", "d.AtPA.SKtPA", "d.AtPA.Ten", 
"d.AtPA.UK", "sd.d")), summary = structure(list(statistics = structure(c(-0.267259108669101, 
-0.0408194250689539, -0.0594871863632623, 0.0520132563807277, 
0.168175266013156, 0.0047429397599982, 0.00448883121345686, 0.113180195178361, 
0.170092636962735, 0.108259872479513, 0.120656441217628, 0.123788459608393, 
0.162357235150756, 0.166993509684855, 0.239588973367526, 0.104573804508252, 
0.00120273657026251, 0.000765512899606545, 0.000853169877788209, 
0.000875316592217315, 0.00114803901949798, 0.00118082243112302, 
0.00169414987765701, 0.000739448463022611, 0.00354241539889894, 
0.00143527692583244, 0.00195273824025923, 0.000994791705353958, 
0.00240517831412628, 0.0013292759282395, 0.00541726213174404, 
0.00330002279234437), .Dim = c(8L, 4L), .Dimnames = list(c("d.ASPAC.AtPA", 
"d.ASPAC.SK", "d.ASPAC.tPA", "d.AtPA.Ret", "d.AtPA.SKtPA", "d.AtPA.Ten", 
"d.AtPA.UK", "sd.d"), c("Mean", "SD", "Naive SE", "Time-series SE"
))), quantiles = structure(c(-0.714387697098831, -0.29214565270408, 
-0.37023265459968, -0.209625913246773, -0.0835528756644903, -0.346544671678307, 
-0.456420019126004, 0.00383010379223731, -0.334969923264881, 
-0.0875595624963865, -0.104588343536834, -0.00739283836747333, 
0.0802317300310618, -0.0689690200145251, -0.156897039948882, 
0.0353493899510855, -0.232221479411667, -0.0310642295386674, 
-0.0383250242770351, 0.0514413339941055, 0.143476108513969, 0.00485094595037652, 
-0.000821829869890868, 0.0800563149150868, -0.161598220519249, 
0.0160140839320112, 0.00960663011805518, 0.112771457340289, 0.221880069037851, 
0.0774388180916946, 0.160351151232827, 0.160586930139331, -0.0264336481944971, 
0.163936033562935, 0.128773892816368, 0.312994612652093, 0.585903899780062, 
0.36019659458351, 0.484332413884633, 0.389145343246322), .Dim = c(8L, 
5L), .Dimnames = list(c("d.ASPAC.AtPA", "d.ASPAC.SK", "d.ASPAC.tPA", 
"d.AtPA.Ret", "d.AtPA.SKtPA", "d.AtPA.Ten", "d.AtPA.UK", "sd.d"
), c("2.5%", "25%", "50%", "75%", "97.5%"))), start = 10016, 
    end = 90000, thin = 16, nchain = 4L), .Names = c("statistics", 
"quantiles", "start", "end", "thin", "nchain"), class = "summary.mcmc"), 
    cov = structure(c(0.0289315051489366, 0.0110831602383493, 
    0.0118149664765156, -0.00456535963547014, -0.0121067894152568, 
    0.000549939727931996, -0.00994642813691863, 0.0110831602383493, 
    0.0117201999892804, 0.00885324685128609, 0.000414412241266585, 
    7.99750062114902e-05, 0.000243622642713975, -0.000469557738558501, 
    0.0118149664765156, 0.00885324685128609, 0.0145579768073029, 
    5.02362099967898e-05, -0.00288866868050679, 0.000527065066947977, 
    0.000953094973386515, -0.00456535963547014, 0.000414412241266585, 
    5.02362099967898e-05, 0.0153235827322187, 0.00302050611789572, 
    0.000194685394543898, 0.00269299520901046, -0.0121067894152568, 
    7.99750062114902e-05, -0.00288866868050679, 0.00302050611789572, 
    0.0263598718057979, -0.000202746382710547, 0.00586078026826327, 
    0.000549939727931996, 0.000243622642713975, 0.000527065066947977, 
    0.000194685394543898, -0.000202746382710547, 0.0278868322768658, 
    -0.000265997310557396, -0.00994642813691863, -0.000469557738558501, 
    0.000953094973386515, 0.00269299520901046, 0.00586078026826327, 
    -0.000265997310557396, 0.0574028761593052), .Dim = c(7L, 
    7L), .Dimnames = list(c("d.ASPAC.AtPA", "d.ASPAC.SK", "d.ASPAC.tPA", 
    "d.AtPA.Ret", "d.AtPA.SKtPA", "d.AtPA.Ten", "d.AtPA.UK"), 
        c("d.ASPAC.AtPA", "d.ASPAC.SK", "d.ASPAC.tPA", "d.AtPA.Ret", 
        "d.AtPA.SKtPA", "d.AtPA.Ten", "d.AtPA.UK"))), ranks = structure(c(0.446133650059386, 
    0.000550103144339564, 0.0138025879852472, 0.137175720447584, 
    0.123223104332062, 0.0322560480090017, 0.105969869350503, 
    0.141076451834719, 0.236444333312496, 0.00185034694005126, 
    0.0250046883790711, 0.293655060323811, 0.111420891417141, 
    0.0276551853472526, 0.0423579421141464, 0.261799087328874, 
    0.15557917109458, 0.00520097518284678, 0.0395074076389323, 
    0.349765581046446, 0.121822841782834, 0.0301056448084016, 
    0.0431080827655185, 0.255097830843283, 0.0941676564355817, 
    0.0193036194286429, 0.106670000625117, 0.165981121460274, 
    0.282252922422954, 0.061211477151966, 0.0726636244295805, 
    0.197937113208727, 0.042207913983872, 0.0923173094955304, 
    0.274401450271926, 0.0430580733887604, 0.208389072951178, 
    0.135875476651872, 0.115021566543727, 0.0890667000062512, 
    0.0167031318372195, 0.302606738763518, 0.257448271550916, 
    0.00825154716509345, 0.0903169344252047, 0.185034694005126, 
    0.105869850596987, 0.0339063574420204, 0.00670125648559105, 
    0.398424704632119, 0.174932799899981, 0.00195036569356754, 
    0.0410576983184347, 0.249546790023129, 0.11197099456148, 
    0.0155529161717822, 0.0022504219541164, 0.179933737575795, 
    0.108420328811652, 0.000350065637306995, 0.0217040695130337, 
    0.278502219166094, 0.4032256048009, 0.00575107832718635), .Dim = c(8L, 
    8L), .Dimnames = list(c("ASPAC", "AtPA", "Ret", "SK", "SKtPA", 
    "Ten", "UK", "tPA"), NULL))), .Names = c("effectiveSize", 
"summary", "cov", "ranks"))
