structure(list(effectiveSize = structure(c(6862.82624504666, 
7764.83590909629, 12957.4967978805, 37679.8751362826, 3873.28737177415
), .Names = c("d.D.A", "d.D.B", "d.D.C", "d.D.E", "sd.d")), summary = structure(list(
    statistics = structure(c(0.522093490286343, -1.32790212991938, 
    0.0269966521399368, -0.300196326240769, 0.385740700026288, 
    0.618563350284166, 0.692247321079768, 0.46875736710772, 0.426748751711908, 
    0.364008431249009, 0.00218695169789702, 0.00244746387496863, 
    0.00165730756506511, 0.00150878468099192, 0.00128696415072626, 
    0.0074966642847022, 0.00792756899196767, 0.00412484026032893, 
    0.00221126035755552, 0.00587959031810752), .Dim = c(5L, 4L
    ), .Dimnames = list(c("d.D.A", "d.D.B", "d.D.C", "d.D.E", 
    "sd.d"), c("Mean", "SD", "Naive SE", "Time-series SE"))), 
    quantiles = structure(c(-0.675304912629222, -2.69205586146606, 
    -0.888465101731406, -1.16201321829962, 0.0121051459977463, 
    0.135953294026106, -1.75519960395853, -0.245939635729243, 
    -0.508775771538638, 0.129037613310223, 0.527682612796309, 
    -1.31805466182155, 0.0232699163068355, -0.301990860343894, 
    0.2802965785609, 0.904124112809364, -0.900364257770465, 0.303973631419925, 
    -0.0894327270738406, 0.524206139758391, 1.73219133949874, 
    0.0214243971402163, 0.937494613584319, 0.560946422950754, 
    1.409642596274), .Dim = c(5L, 5L), .Dimnames = list(c("d.D.A", 
    "d.D.B", "d.D.C", "d.D.E", "sd.d"), c("2.5%", "25%", "50%", 
    "75%", "97.5%"))), start = 10002, end = 50000, thin = 2, 
    nchain = 4L), .Names = c("statistics", "quantiles", "start", 
"end", "thin", "nchain"), class = "summary.mcmc"), cov = structure(c(0.382620618314772, 
0.300054579972963, 0.101714124456819, 4.07954097686498e-05, 0.300054579972963, 
0.479206353542116, 0.0799198402219668, -7.53039218142151e-05, 
0.101714124456819, 0.0799198402219668, 0.219733469217762, -3.06186566060215e-05, 
4.07954097686498e-05, -7.53039218142151e-05, -3.06186566060215e-05, 
0.182114497087672), .Dim = c(4L, 4L), .Dimnames = list(c("d.D.A", 
"d.D.B", "d.D.C", "d.D.E"), c("d.D.A", "d.D.B", "d.D.C", "d.D.E"
))), ranks = structure(c(0.7114875, 0.00105, 0.1392875, 0.09925, 
0.048925, 0.14105, 0.0114375, 0.3870875, 0.359025, 0.1014, 0.0858, 
0.0196875, 0.254475, 0.4469375, 0.1931, 0.0608875, 0.066275, 
0.2035, 0.08975, 0.5795875, 0.000775, 0.90155, 0.01565, 0.0050375, 
0.0769875), .Dim = c(5L, 5L), .Dimnames = list(c("A", "B", "C", 
"D", "E"), NULL))), .Names = c("effectiveSize", "summary", "cov", 
"ranks"))
