structure(list(effectiveSize = structure(c(1596.29465487056, 
1808.19635772483, 2893.20043861549, 8783.56669951271, 1058.47598162655
), .Names = c("d.D.A", "d.D.B", "d.D.C", "d.D.E", "sd.d")), summary = structure(list(
    statistics = structure(c(0.551951656120635, -1.2975916067741, 
    0.0380352643853017, -0.307746470246824, 0.381860029214083, 
    0.625430842140292, 0.688646088879321, 0.476082677518349, 
    0.432480260236004, 0.37065723399114, 0.00442246389640614, 
    0.00486946319284162, 0.00336641289678673, 0.00305809724742201, 
    0.00262094243650984, 0.01930916919499, 0.0191551058792022, 
    0.0104572844498514, 0.00472351590824954, 0.0119419728054774
    ), .Dim = c(5L, 4L), .Dimnames = list(c("d.D.A", "d.D.B", 
    "d.D.C", "d.D.E", "sd.d"), c("Mean", "SD", "Naive SE", "Time-series SE"
    ))), quantiles = structure(c(-0.666605203367263, -2.68759830525077, 
    -0.896464823443038, -1.19841744391535, 0.00936648304929674, 
    0.176187353641154, -1.70495993228341, -0.235025087997772, 
    -0.510722389524471, 0.118259702855401, 0.548868244198403, 
    -1.29521789841182, 0.0318989825071977, -0.310526635767099, 
    0.270968339669247, 0.932377935703081, -0.870056176720784, 
    0.321449803464877, -0.094523301295079, 0.522250866560727, 
    1.75987156575616, 0.00996732634058425, 0.948169631928716, 
    0.54400614537777, 1.41011372573452), .Dim = c(5L, 5L), .Dimnames = list(
        c("d.D.A", "d.D.B", "d.D.C", "d.D.E", "sd.d"), c("2.5%", 
        "25%", "50%", "75%", "97.5%"))), start = 5002, end = 15000, 
    thin = 2, nchain = 4L), .Names = c("statistics", "quantiles", 
"start", "end", "thin", "nchain"), class = "summary.mcmc"), cov = structure(c(0.391163738300315, 
0.303049206926141, 0.108097505774271, 0.00167645677000717, 0.303049206926141, 
0.474233435728785, 0.0859537730290567, 0.000159168853099602, 
0.108097505774271, 0.0859537730290567, 0.22665471583304, 0.00149706562379561, 
0.00167645677000717, 0.000159168853099602, 0.00149706562379561, 
0.187039175493801), .Dim = c(4L, 4L), .Dimnames = list(c("d.D.A", 
"d.D.B", "d.D.C", "d.D.E"), c("d.D.A", "d.D.B", "d.D.C", "d.D.E"
))), ranks = structure(c(0.733223322332233, 0.00115011501150115, 
0.122862286228623, 0.0947094709470947, 0.0481548154815482, 0.131663166316632, 
0.0109010901090109, 0.411641164116412, 0.351185118511851, 0.0950595059505951, 
0.0743574357435744, 0.0211021102110211, 0.255025502550255, 0.460946094609461, 
0.188568856885689, 0.0602560256025603, 0.0684068406840684, 0.192219221922192, 
0.0886588658865887, 0.59040904090409, 0.0006000600060006, 0.898539853985398, 
0.0183518351835184, 0.0046004600460046, 0.0779077907790779), .Dim = c(5L, 
5L), .Dimnames = list(c("A", "B", "C", "D", "E"), NULL))), .Names = c("effectiveSize", 
"summary", "cov", "ranks"))
