structure(list(effectiveSize = structure(c(6089.67984738315, 
5549.16556551798, 5964.23730124885, 5248.53550140396, 4407.83568580984, 
5169.39386264939, 5265.22171352698, 4377.47244583384, 5550.16446808541, 
4501.59209425464, 4728.26376317164, 924.041988346228), .Names = c("d.fluoxetine.bupropion", 
"d.fluoxetine.citalopram", "d.fluoxetine.duloxetine", "d.fluoxetine.escitalopram", 
"d.fluoxetine.fluvoxamine", "d.fluoxetine.milnacipran", "d.fluoxetine.mirtazapine", 
"d.fluoxetine.paroxetine", "d.fluoxetine.reboxetine", "d.fluoxetine.sertraline", 
"d.fluoxetine.venlafaxine", "sd.d")), summary = structure(list(
    statistics = structure(c(0.0760021502037359, 0.0983449045258106, 
    -0.0131128060974261, 0.278379095090111, -0.0165540174379054, 
    0.00739576843440328, 0.320469569730717, 0.0169399290152879, 
    -0.396339483074964, 0.221573208048538, 0.24577880522912, 
    0.114382007156034, 0.0912119747328113, 0.0886889197098265, 
    0.116228550399998, 0.0830034266031617, 0.120684204877581, 
    0.14579363893775, 0.0964319673899301, 0.0680885953757344, 
    0.12646181328231, 0.077700415833526, 0.0704113605892227, 
    0.0493551029103253, 0.000644966058589869, 0.000627125365429276, 
    0.000821859961553207, 0.000586922858128155, 0.00085336619651044, 
    0.00103091670746746, 0.000681876980645796, 0.000481459075116488, 
    0.000894220057330683, 0.000549424909369008, 0.000497883505452106, 
    0.000348993279540509, 0.00137096690713202, 0.00123288530341867, 
    0.00157212673834842, 0.00120868577990273, 0.00203264193971655, 
    0.00241068174630742, 0.00154549520977453, 0.0010531085714488, 
    0.00194419938067678, 0.00128893599939286, 0.00111632024010008, 
    0.00189575089743635), .Dim = c(12L, 4L), .Dimnames = list(
        c("d.fluoxetine.bupropion", "d.fluoxetine.citalopram", 
        "d.fluoxetine.duloxetine", "d.fluoxetine.escitalopram", 
        "d.fluoxetine.fluvoxamine", "d.fluoxetine.milnacipran", 
        "d.fluoxetine.mirtazapine", "d.fluoxetine.paroxetine", 
        "d.fluoxetine.reboxetine", "d.fluoxetine.sertraline", 
        "d.fluoxetine.venlafaxine", "sd.d"), c("Mean", "SD", 
        "Naive SE", "Time-series SE"))), quantiles = structure(c(-0.101031984529252, 
    -0.0744931036003325, -0.242659045715202, 0.116893466008472, 
    -0.255777141409416, -0.281100513913578, 0.133375266128063, 
    -0.11210934055659, -0.642764216147449, 0.0686194616959214, 
    0.110509725154427, 0.0214483484391649, 0.0150747828588524, 
    0.0387175326331296, -0.092763714324095, 0.222962490223159, 
    -0.0962407127636654, -0.0891581653684043, 0.256530421226212, 
    -0.0294020719511988, -0.481905385949961, 0.169916227501141, 
    0.197758433029046, 0.0796497944406626, 0.0757816358525238, 
    0.0982330706509297, -0.0128051455238465, 0.276986356516552, 
    -0.0177339139450574, 0.00801633414296, 0.319575884939075, 
    0.0156281878049674, -0.396191395852956, 0.220956762826637, 
    0.245957789804412, 0.114358602056785, 0.136291456212217, 
    0.156332211324922, 0.0632279764487073, 0.334462269096123, 
    0.0632724142422052, 0.103186827973595, 0.38447139091451, 
    0.0620465431888842, -0.310950423890268, 0.274282151529907, 
    0.292484628173614, 0.148800546311793, 0.257722034445136, 
    0.276604548056575, 0.216099339958625, 0.442344853598783, 
    0.220590612610982, 0.295927702545179, 0.512053059771099, 
    0.15510170351714, -0.1483333708997, 0.373715566297036, 0.38812997738907, 
    0.211187065754984), .Dim = c(12L, 5L), .Dimnames = list(c("d.fluoxetine.bupropion", 
    "d.fluoxetine.citalopram", "d.fluoxetine.duloxetine", "d.fluoxetine.escitalopram", 
    "d.fluoxetine.fluvoxamine", "d.fluoxetine.milnacipran", "d.fluoxetine.mirtazapine", 
    "d.fluoxetine.paroxetine", "d.fluoxetine.reboxetine", "d.fluoxetine.sertraline", 
    "d.fluoxetine.venlafaxine", "sd.d"), c("2.5%", "25%", "50%", 
    "75%", "97.5%"))), start = 10010, end = 60000, thin = 10, 
    nchain = 4L), .Names = c("statistics", "quantiles", "start", 
"end", "thin", "nchain"), class = "summary.mcmc"), cov = structure(c(0.008319624334659, 
0.00143936978974171, 0.00156388278266444, 0.00219916276268668, 
0.00117872484540711, 0.000653388102451755, 0.00138488313543571, 
0.00123374972536058, 0.000835693016324937, 0.00234746234639285, 
0.00243662672353746, 0.00143936978974171, 0.00786572447929605, 
0.00229533232957849, 0.00319606956058783, 0.00203111163687217, 
0.000789681717065449, 0.00158915269436811, 0.00171397887232227, 
0.00291224973152713, 0.00171017130357796, 0.00135947341435396, 
0.00156388278266444, 0.00229533232957849, 0.0135090759280848, 
0.0041765890212812, 0.00168195681820184, 0.00107463267551005, 
0.00135260742555824, 0.00299119551766126, 0.000937054617475301, 
0.00161105970919775, 0.00140444146854301, 0.00219916276268668, 
0.00319606956058783, 0.0041765890212812, 0.00688956882786645, 
0.00163817697462978, 0.000838744415121078, 0.00146955955961409, 
0.00209842525029855, 0.00133134081572816, 0.00209641520693962, 
0.00163121115009968, 0.00117872484540711, 0.00203111163687217, 
0.00168195681820184, 0.00163817697462978, 0.0145646773069339, 
0.00250839036054375, 0.00293428345689038, 0.00187202053358148, 
0.000906620607549916, 0.00177690604178939, 0.00128273705085961, 
0.000653388102451755, 0.000789681717065449, 0.00107463267551005, 
0.000838744415121078, 0.00250839036054375, 0.021255785154711, 
0.00113288777787754, 0.0017195908620731, 0.000588229879362374, 
0.000926349788715686, 0.000578477793832444, 0.00138488313543571, 
0.00158915269436811, 0.00135260742555824, 0.00146955955961409, 
0.00293428345689038, 0.00113288777787754, 0.00929912433469255, 
0.00214192348712333, 0.000892317808199797, 0.00181200338844513, 
0.00161525547964245, 0.00123374972536058, 0.00171397887232227, 
0.00299119551766126, 0.00209842525029855, 0.00187202053358148, 
0.0017195908620731, 0.00214192348712333, 0.00463605682024049, 
0.000783414262622775, 0.00152157807375147, 0.00121915852979755, 
0.000835693016324937, 0.00291224973152713, 0.000937054617475301, 
0.00133134081572816, 0.000906620607549916, 0.000588229879362374, 
0.000892317808199797, 0.000783414262622775, 0.0159925902186498, 
0.000911658439946179, 0.00100981429344062, 0.00234746234639285, 
0.00171017130357796, 0.00161105970919775, 0.00209641520693962, 
0.00177690604178939, 0.000926349788715686, 0.00181200338844513, 
0.00152157807375147, 0.000911658439946179, 0.00603735462070285, 
0.00162170044044291, 0.00243662672353746, 0.00135947341435396, 
0.00140444146854301, 0.00163121115009968, 0.00128273705085961, 
0.000578477793832444, 0.00161525547964245, 0.00121915852979755, 
0.00100981429344062, 0.00162170044044291, 0.00495775970002555
), .Dim = c(11L, 11L), .Dimnames = list(c("d.fluoxetine.bupropion", 
"d.fluoxetine.citalopram", "d.fluoxetine.duloxetine", "d.fluoxetine.escitalopram", 
"d.fluoxetine.fluvoxamine", "d.fluoxetine.milnacipran", "d.fluoxetine.mirtazapine", 
"d.fluoxetine.paroxetine", "d.fluoxetine.reboxetine", "d.fluoxetine.sertraline", 
"d.fluoxetine.venlafaxine"), c("d.fluoxetine.bupropion", "d.fluoxetine.citalopram", 
"d.fluoxetine.duloxetine", "d.fluoxetine.escitalopram", "d.fluoxetine.fluvoxamine", 
"d.fluoxetine.milnacipran", "d.fluoxetine.mirtazapine", "d.fluoxetine.paroxetine", 
"d.fluoxetine.reboxetine", "d.fluoxetine.sertraline", "d.fluoxetine.venlafaxine"
)))), .Names = c("effectiveSize", "summary", "cov"))
