structure(list(effectiveSize = structure(c(3139.63221435558, 
7348.55975811886, 4638.39956910325, 15622.4392780817, 6246.69190893802, 
20697.7745296569, 2507.16678519795, 1407.76082308407), .Names = c("d.ASPAC.AtPA", 
"d.ASPAC.SK", "d.ASPAC.tPA", "d.AtPA.Ret", "d.AtPA.SKtPA", "d.AtPA.Ten", 
"d.AtPA.UK", "sd.d")), summary = structure(list(statistics = structure(c(-0.269119063078287, 
-0.0403549019428936, -0.0603525864344918, 0.0518572607139299, 
0.168693075944404, 0.00518226522217662, 0.00781898780749285, 
0.117036648558404, 0.171218607705889, 0.111355283706637, 0.125049785003962, 
0.126556825069439, 0.164061519552985, 0.169162857854706, 0.244736317630359, 
0.105238593567341, 0.00121069838574153, 0.000787400762299146, 
0.000884235509622213, 0.0008948918921204, 0.00116009013007685, 
0.00119616203913958, 0.00173054709799052, 0.00074414923154002, 
0.00353460388073146, 0.00138375441548188, 0.00198007019368454, 
0.00101015913797248, 0.00221970486177124, 0.00120637631176158, 
0.00566156354254695, 0.00302402198640404), .Dim = c(8L, 4L), .Dimnames = list(
    c("d.ASPAC.AtPA", "d.ASPAC.SK", "d.ASPAC.tPA", "d.AtPA.Ret", 
    "d.AtPA.SKtPA", "d.AtPA.Ten", "d.AtPA.UK", "sd.d"), c("Mean", 
    "SD", "Naive SE", "Time-series SE"))), quantiles = structure(c(-0.707874497726835, 
-0.296832057726942, -0.384860799874428, -0.210604989471735, -0.0891990238868042, 
-0.345005683972886, -0.457711099404323, 0.00324670035572554, 
-0.339301067909778, -0.0898846317920702, -0.106682552668502, 
-0.0100988629795975, 0.0804394379763627, -0.0716368894008906, 
-0.156338936218905, 0.0380305521599634, -0.232245992569065, -0.030870734489264, 
-0.0378229242915943, 0.0512137793457541, 0.141990097145346, 0.00409881290641444, 
0.00347890191870799, 0.0856023840234464, -0.160312359856921, 
0.0175070619006702, 0.0105469060708805, 0.113522694734965, 0.223531125269528, 
0.0820765180991577, 0.168443011661395, 0.165734442924475, -0.0256893932433077, 
0.176207755562293, 0.134890156878351, 0.321571799096594, 0.597912896045842, 
0.363583535289596, 0.493114455854638, 0.390069129602614), .Dim = c(8L, 
5L), .Dimnames = list(c("d.ASPAC.AtPA", "d.ASPAC.SK", "d.ASPAC.tPA", 
"d.AtPA.Ret", "d.AtPA.SKtPA", "d.AtPA.Ten", "d.AtPA.UK", "sd.d"
), c("2.5%", "25%", "50%", "75%", "97.5%"))), start = 10016, 
    end = 90000, thin = 16, nchain = 4L), .Names = c("statistics", 
"quantiles", "start", "end", "thin", "nchain"), class = "summary.mcmc"), 
    cov = structure(c(0.0293158116247429, 0.0113918056670101, 
    0.0123375223051953, -0.00429613515174395, -0.0120218383210387, 
    -0.000301777916291633, -0.0113297683951393, 0.0113918056670101, 
    0.0123999992093855, 0.00945255110853351, 0.000807346354143393, 
    0.000346547996224345, -0.000143313892094488, -0.000720934042904077, 
    0.0123375223051953, 0.00945255110853351, 0.0156374487295371, 
    0.000369087305733871, -0.00272924823988473, -0.000194105023518967, 
    0.000391149661194066, -0.00429613515174395, 0.000807346354143393, 
    0.000369087305733871, 0.0160166299716566, 0.00258090245104477, 
    0.000289823477107094, 0.00322818511295531, -0.0120218383210387, 
    0.000346547996224345, -0.00272924823988473, 0.00258090245104477, 
    0.0269161821980346, -0.000113199156210868, 0.00650873809387725, 
    -0.000301777916291633, -0.000143313892094488, -0.000194105023518967, 
    0.000289823477107094, -0.000113199156210868, 0.0286160724775713, 
    -0.000526162009860395, -0.0113297683951393, -0.000720934042904077, 
    0.000391149661194066, 0.00322818511295531, 0.00650873809387725, 
    -0.000526162009860395, 0.059895865167268), .Dim = c(7L, 7L
    ), .Dimnames = list(c("d.ASPAC.AtPA", "d.ASPAC.SK", "d.ASPAC.tPA", 
    "d.AtPA.Ret", "d.AtPA.SKtPA", "d.AtPA.Ten", "d.AtPA.UK"), 
        c("d.ASPAC.AtPA", "d.ASPAC.SK", "d.ASPAC.tPA", "d.AtPA.Ret", 
        "d.AtPA.SKtPA", "d.AtPA.Ten", "d.AtPA.UK")))), .Names = c("effectiveSize", 
"summary", "cov"))
