structure(list(effectiveSize = structure(c(18490.670343773, 16125.0816567041, 
17168.828582041, 10785.934312399), .Names = c("d.A.B", "d.A.C", 
"d.A.D", "sd.d")), summary = structure(list(statistics = structure(c(0.492309501390574, 
0.836473154113089, 1.09911945527533, 0.842083316354991, 0.40517138695149, 
0.23879251499534, 0.442396049975314, 0.185171955472787, 0.00286499435256158, 
0.00168851806649795, 0.00312821246907688, 0.00130936345400381, 
0.00306018637732029, 0.00186175958811674, 0.00318218315069141, 
0.00171195667823104), .Dim = c(4L, 4L), .Dimnames = list(c("d.A.B", 
"d.A.C", "d.A.D", "sd.d"), c("Mean", "SD", "Naive SE", "Time-series SE"
))), quantiles = structure(c(-0.295795637082542, 0.386910423515428, 
0.250857842633484, 0.547177742357342, 0.226247601851285, 0.677814853516217, 
0.806659348424012, 0.71125483504649, 0.487085038657776, 0.827438350323779, 
1.08646050045082, 0.819676414755016, 0.749009944735712, 0.987311379820007, 
1.3848817115978, 0.945820268796468, 1.30960766912374, 1.32980666396808, 
1.9930189299578, 1.27686742614967), .Dim = 4:5, .Dimnames = list(
    c("d.A.B", "d.A.C", "d.A.D", "sd.d"), c("2.5%", "25%", "50%", 
    "75%", "97.5%"))), start = 10010, end = 60000, thin = 10, 
    nchain = 4L), .Names = c("statistics", "quantiles", "start", 
"end", "thin", "nchain"), class = "summary.mcmc"), cov = structure(c(0.164163852804194, 
0.0256390056903094, 0.0593090555111474, 0.0256390056903094, 0.0570218652177997, 
0.0396179788995496, 0.0593090555111474, 0.0396179788995496, 0.195714265033761
), .Dim = c(3L, 3L), .Dimnames = list(c("d.A.B", "d.A.C", "d.A.D"
), c("d.A.B", "d.A.C", "d.A.D")))), .Names = c("effectiveSize", 
"summary", "cov"))
