structure(list(effectiveSize = structure(c(1377.15570499692, 
1659.21001501833, 3103.11505058097, 9975.33059134937, 975.026424533024
), .Names = c("d.D.A", "d.D.B", "d.D.C", "d.D.E", "sd.d")), summary = structure(list(
    statistics = structure(c(0.539047779163344, -1.31494889245106, 
    0.0448218321197795, -0.301052299995351, 0.401172954105337, 
    0.656880656508054, 0.720086391476821, 0.479262886242008, 
    0.437829248308881, 0.3831909521101, 0.00464484766647116, 
    0.00509177970453411, 0.00338890036832761, 0.00309592030481019, 
    0.00270956920726381, 0.0191557388729367, 0.0197155897565417, 
    0.00944534156171466, 0.0046347772585758, 0.0143101370550795
    ), .Dim = c(5L, 4L), .Dimnames = list(c("d.D.A", "d.D.B", 
    "d.D.C", "d.D.E", "sd.d"), c("Mean", "SD", "Naive SE", "Time-series SE"
    ))), quantiles = structure(c(-0.729713852340666, -2.72783646897349, 
    -0.929047673495343, -1.19392587683459, 0.0149803684609303, 
    0.13277456487401, -1.74397298313961, -0.224266496815951, 
    -0.516351067557429, 0.13008617282806, 0.53955439965323, -1.30931063122559, 
    0.0511564485089047, -0.296030315718856, 0.288372624406412, 
    0.956541069978866, -0.853437122051183, 0.32479846770295, 
    -0.0892350334138333, 0.544070047267026, 1.78746094926768, 
    0.0408175545801335, 0.957508200805996, 0.579179892538339, 
    1.52159176842337), .Dim = c(5L, 5L), .Dimnames = list(c("d.D.A", 
    "d.D.B", "d.D.C", "d.D.E", "sd.d"), c("2.5%", "25%", "50%", 
    "75%", "97.5%"))), start = 5002, end = 15000, thin = 2, nchain = 4L), .Names = c("statistics", 
"quantiles", "start", "end", "thin", "nchain"), class = "summary.mcmc"), 
    cov = structure(c(0.431492196894452, 0.341297045584252, 0.110311293182627, 
    0.00447571434763178, 0.341297045584252, 0.518524411190109, 
    0.0798688358388394, 0.00729053152465525, 0.110311293182627, 
    0.0798688358388394, 0.22969291412902, 0.00312186636793244, 
    0.00447571434763178, 0.00729053152465525, 0.00312186636793244, 
    0.19169445067472), .Dim = c(4L, 4L), .Dimnames = list(c("d.D.A", 
    "d.D.B", "d.D.C", "d.D.E"), c("d.D.A", "d.D.B", "d.D.C", 
    "d.D.E")))), .Names = c("effectiveSize", "summary", "cov"
))
